Titre: Étude thermique d'une plaque trouée
Description: Trou soumis à une convection
Auteur: D. Marceau
Date: 05/01/22
EPAISSEUR 0.05
NOEUD    316
       1         0.00000         0.00000
       2         0.05000         0.00000
       3         0.00000         0.05000
       4         0.06813         0.06278
       5         0.10000         0.00000
       6         0.00000         0.10000
       7         0.05193         0.12500
       8         0.12500         0.05193
       9         0.15000         0.00000
      10         0.00000         0.15000
      11         0.17500         0.05193
      12         0.04328         0.18000
      13         0.15000         0.11255
      14         0.00000         0.20000
      15         0.20000         0.00000
      16         0.11255         0.20000
      17         0.05193         0.22500
      18         0.22900         0.04155
      19         0.17008         0.17008
      20         0.25000         0.00000
      21         0.00000         0.25000
      22         0.27000         0.04328
      23         0.25000         0.11255
      24         0.04328         0.28000
      25         0.00000         0.30000
      26         0.30000         0.00000
      27         0.23553         0.19035
      28         0.19035         0.23553
      29         0.31091         0.06919
      30         0.12677         0.29955
      31         0.28723         0.15279
      32         0.05193         0.32500
      33         0.00000         0.35000
      34         0.35000         0.00000
      35         0.25416         0.25416
      36         0.34417         0.12378
      37         0.29565         0.21873
      38         0.21873         0.29565
      39         0.37500         0.05193
      40         0.04328         0.38000
      41         0.34216         0.19023
      42         0.19023         0.34216
      43         0.40000         0.00000
      44         0.00000         0.40000
      45         0.09680         0.39027
      46         0.27950         0.31168
      47         0.31168         0.27950
      48         0.40767         0.10477
      49         0.16935         0.39257
      50         0.39257         0.16935
      51         0.42500         0.05193
      52         0.05193         0.42500
      53         0.34849         0.25276
      54         0.25276         0.34849
      55         0.45000         0.00000
      56         0.00000         0.45000
      57         0.38903         0.23210
      58         0.23210         0.38903
      59         0.32322         0.32322
      60         0.29775         0.35305
      61         0.35305         0.29775
      62         0.46366         0.07505
      63         0.15615         0.44457
      64         0.07818         0.46518
      65         0.44561         0.15661
      66         0.27725         0.38650
      67         0.38650         0.27725
      68         0.21804         0.43231
      69         0.43231         0.21804
      70         0.26224         0.42275
      71         0.42275         0.26224
      72         0.50000         0.00000
      73         0.00000         0.50000
      74         0.49985         0.14787
      75         0.14785         0.50014
      76         0.21092         0.47725
      77         0.47725         0.21092
      78         0.25308         0.46089
      79         0.46089         0.25308
      80         0.07383         0.53564
      81         0.53544         0.07712
      82         0.00000         0.55000
      83         0.55000         0.00000
      84         0.25000         0.50000
      85         0.50000         0.25000
      86         0.21092         0.52275
      87         0.52275         0.21092
      88         0.15661         0.55439
      89         0.55439         0.15661
      90         0.58000         0.04328
      91         0.04596         0.58114
      92         0.25308         0.53911
      93         0.53911         0.25308
      94         0.00000         0.60000
      95         0.60000         0.00000
      96         0.10404         0.59506
      97         0.21804         0.56769
      98         0.56769         0.21804
      99         0.60038         0.10181
     100         0.05193         0.62500
     101         0.62500         0.05193
     102         0.16935         0.60743
     103         0.60743         0.16935
     104         0.26224         0.57725
     105         0.57725         0.26224
     106         0.00000         0.65000
     107         0.65000         0.00000
     108         0.23210         0.61097
     109         0.61097         0.23210
     110         0.27725         0.61350
     111         0.61350         0.27725
     112         0.05193         0.67500
     113         0.11059         0.66851
     114         0.68000         0.04328
     115         0.65485         0.19710
     116         0.19023         0.65784
     117         0.25276         0.65151
     118         0.65151         0.25276
     119         0.00000         0.70000
     120         0.70000         0.00000
     121         0.70000         0.11255
     122         0.29775         0.64695
     123         0.64695         0.29775
     124         0.72100         0.04155
     125         0.05193         0.72500
     126         0.15279         0.71277
     127         0.21873         0.70435
     128         0.70435         0.21873
     129         0.27950         0.68832
     130         0.68832         0.27950
     131         0.32322         0.67678
     132         0.75000         0.00000
     133         0.00000         0.75000
     134         0.67678         0.32322
     135         0.11255         0.75000
     136         0.77500         0.05193
     137         0.05193         0.77500
     138         0.72050         0.31168
     139         0.31168         0.72050
     140         0.35305         0.70225
     141         0.70225         0.35305
     142         0.19035         0.76447
     143         0.76447         0.19035
     144         0.74584         0.25416
     145         0.25416         0.74584
     146         0.00000         0.80000
     147         0.80000         0.00000
     148         0.80000         0.11255
     149         0.38650         0.72275
     150         0.72275         0.38650
     151         0.82000         0.04328
     152         0.34849         0.74724
     153         0.74724         0.34849
     154         0.04328         0.83000
     155         0.78127         0.29565
     156         0.29565         0.78127
     157         0.80965         0.23553
     158         0.23553         0.80965
     159         0.17414         0.82586
     160         0.82992         0.17008
     161         0.00000         0.85000
     162         0.85000         0.00000
     163         0.42275         0.73776
     164         0.73776         0.42275
     165         0.11255         0.85000
     166         0.38903         0.76790
     167         0.76790         0.38903
     168         0.05193         0.87500
     169         0.87500         0.05193
     170         0.46089         0.74692
     171         0.74692         0.46089
     172         0.34216         0.80977
     173         0.80977         0.34216
     174         0.78196         0.43231
     175         0.43231         0.78196
     176         0.84721         0.28723
     177         0.28723         0.84721
     178         0.00000         0.90000
     179         0.90000         0.00000
     180         0.15000         0.88745
     181         0.88745         0.15000
     182         0.50000         0.75000
     183         0.75000         0.50000
     184         0.83065         0.39257
     185         0.39257         0.83065
     186         0.53911         0.74692
     187         0.74692         0.53911
     188         0.25000         0.88745
     189         0.88745         0.25000
     190         0.47725         0.78908
     191         0.78908         0.47725
     192         0.07368         0.92632
     193         0.57725         0.73776
     194         0.73776         0.57725
     195         0.93722         0.06813
     196         0.52275         0.78908
     197         0.78908         0.52275
     198         0.61350         0.72275
     199         0.72275         0.61350
     200         0.88941         0.33149
     201         0.95000         0.00000
     202         0.00000         0.95000
     203         0.84339         0.44561
     204         0.44561         0.84339
     205         0.35000         0.88745
     206         0.64695         0.70225
     207         0.70225         0.64695
     208         0.12500         0.94807
     209         0.94807         0.12500
     210         0.67678         0.67678
     211         0.94807         0.17500
     212         0.56769         0.78196
     213         0.78196         0.56769
     214         0.17000         0.95672
     215         0.22500         0.94807
     216         0.61097         0.76790
     217         0.76790         0.61097
     218         0.89596         0.40494
     219         0.95672         0.23000
     220         0.40905         0.89699
     221         0.94807         0.27500
     222         0.65151         0.74724
     223         0.74724         0.65151
     224         0.85653         0.50177
     225         0.50177         0.85653
     226         0.27000         0.95672
     227         0.72050         0.68832
     228         0.68832         0.72050
     229         1.00000         0.00000
     230         0.00000         1.00000
     231         1.00000         0.05000
     232         0.05000         1.00000
     233         0.32500         0.94807
     234         0.94807         0.32500
     235         0.10000         1.00000
     236         1.00000         0.10000
     237         0.55439         0.84339
     238         0.84339         0.55439
     239         1.00000         0.15000
     240         0.15000         1.00000
     241         0.37500         0.94807
     242         0.94807         0.37500
     243         0.20000         1.00000
     244         1.00000         0.20000
     245         0.60743         0.83065
     246         0.83065         0.60743
     247         0.25000         1.00000
     248         1.00000         0.25000
     249         0.92430         0.46614
     250         0.46614         0.92430
     251         0.94807         0.42500
     252         0.42500         0.94807
     253         0.65784         0.80977
     254         0.80977         0.65784
     255         1.00000         0.30000
     256         0.30000         1.00000
     257         0.78127         0.70435
     258         0.70435         0.78127
     259         0.74584         0.74584
     260         0.35000         1.00000
     261         1.00000         0.35000
     262         0.92617         0.53564
     263         0.53564         0.92617
     264         0.89730         0.59124
     265         0.59506         0.89596
     266         0.40000         1.00000
     267         1.00000         0.40000
     268         0.45000         1.00000
     269         1.00000         0.45000
     270         0.88235         0.66082
     271         0.71277         0.84721
     272         0.84721         0.71277
     273         0.94807         0.57500
     274         0.57500         0.94807
     275         0.66851         0.88941
     276         0.80965         0.76447
     277         0.76447         0.80965
     278         0.50000         1.00000
     279         1.00000         0.50000
     280         0.94807         0.62500
     281         0.62500         0.94807
     282         1.00000         0.55000
     283         0.55000         1.00000
     284         0.75000         0.88745
     285         0.94807         0.67500
     286         0.67500         0.94807
     287         1.00000         0.60000
     288         0.60000         1.00000
     289         0.82586         0.82586
     290         0.89540         0.75646
     291         1.00000         0.65000
     292         0.65000         1.00000
     293         0.72500         0.94807
     294         0.95672         0.73000
     295         1.00000         0.70000
     296         0.70000         1.00000
     297         0.94807         0.77500
     298         0.77500         0.94807
     299         0.85000         0.88745
     300         0.88745         0.85000
     301         1.00000         0.75000
     302         0.75000         1.00000
     303         0.94807         0.82500
     304         0.83000         0.95672
     305         1.00000         0.80000
     306         0.80000         1.00000
     307         0.87500         0.94807
     308         0.94807         0.87500
     309         0.92632         0.92632
     310         1.00000         0.85000
     311         0.85000         1.00000
     312         0.90000         1.00000
     313         1.00000         0.90000
     314         1.00000         0.95000
     315         0.95000         1.00000
     316         1.00000         1.00000
ELEMENT    552
     1      1      3    182   186   196
     2      1      3    123   111   118
     3      1      3    104   110   108
     4      1      3    194   187   213
     5      1      3     61    59    47
     6      1      3    206   210   228
     7      1      3     85    79    77
     8      1      3    140   149   152
     9      1      3    164   150   167
    10      1      3     70    78    68
    11      1      3    193   198   216
    12      1      3    105    93    98
    13      1      3    122   131   129
    14      1      3    183   171   191
    15      1      3     60    66    54
    16      1      3    207   199   223
    17      1      3     71    67    57
    18      1      3    163   170   175
    19      1      3    141   134   138
    20      1      3     84    92    86
    21      1      3    186   193   212
    22      1      3    111   105   109
    23      1      3    110   122   117
    24      1      3    187   183   197
    25      1      3     59    60    46
    26      1      3    210   207   227
    27      1      3     79    71    69
    28      1      3    149   163   166
    29      1      3    150   141   153
    30      1      3     78    84    76
    31      1      3    198   206   222
    32      1      3     93    85    87
    33      1      3    131   140   139
    34      1      3    171   164   174
    35      1      3     66    70    58
    36      1      3    199   194   217
    37      1      3     67    61    53
    38      1      3    170   182   190
    39      1      3    134   123   130
    40      1      3     92   104    97
    41      1      3    196   186   212
    42      1      3     57    67    53
    43      1      3    139   140   152
    44      1      3    167   150   153
    45      1      3     46    60    54
    46      1      3     47    59    46
    47      1      3    212   193   216
    48      1      3     53    61    47
    49      1      3    129   131   139
    50      1      3    153   141   138
    51      1      3    108   110   117
    52      1      3    138   134   130
    53      1      3     58    70    68
    54      1      3    216   198   222
    55      1      3     69    71    57
    56      1      3     77    79    69
    57      1      3    117   122   129
    58      1      3    130   123   118
    59      1      3     54    66    58
    60      1      3    222   206   228
    61      1      3    118   111   109
    62      1      3    175   170   190
    63      1      3    174   164   167
    64      1      3     68    78    76
    65      1      3    227   207   223
    66      1      3    228   210   227
    67      1      3    109   105    98
    68      1      3    190   182   196
    69      1      3    191   171   174
    70      1      3     76    84    86
    71      1      3    213   187   197
    72      1      3     86    92    97
    73      1      3    217   194   213
    74      1      3     98    93    87
    75      1      3    166   163   175
    76      1      3    152   149   166
    77      1      3    197   183   191
    78      1      3     97   104   108
    79      1      3    223   199   217
    80      1      3     87    85    77
    81      1      3    196   212   237
    82      1      3    117   129   127
    83      1      3    217   213   246
    84      1      3    129   139   145
    85      1      3    227   223   257
    86      1      3     46    54    38
    87      1      3    118   109   115
    88      1      3    197   191   224
    89      1      3     58    68    49
    90      1      3    191   174   203
    91      1      3    139   152   156
    92      1      3     54    58    42
    93      1      3    166   175   185
    94      1      3    108   117   116
    95      1      3    109    98   103
    96      1      3    212   216   245
    97      1      3    174   167   184
    98      1      3    223   217   254
    99      1      3     69    57    50
   100      1      3    213   197   238
   101      1      3     57    53    41
   102      1      3    130   118   128
   103      1      3     98    87    89
   104      1      3    153   138   155
   105      1      3    228   227   259
   106      1      3     47    46    35
   107      1      3    175   190   204
   108      1      3     97   108   102
   109      1      3    216   222   253
   110      1      3     76    86    75
   111      1      3    167   153   173
   112      1      3    222   228   258
   113      1      3    152   166   172
   114      1      3    138   130   144
   115      1      3    190   196   225
   116      1      3     53    47    37
   117      1      3     68    76    63
   118      1      3     87    77    74
   119      1      3     77    69    65
   120      1      3     86    97    88
   121      1      3      1     2     3
   122      1      3    287   291   280
   123      1      3    146   133   137
   124      1      3    147   162   151
   125      1      3    288   283   274
   126      1      3     43    55    51
   127      1      3    316   315   314
   128      1      3     44    33    40
   129      1      3    244   248   219
   130      1      3    243   240   214
   131      1      3     15    20    18
   132      1      3    305   310   303
   133      1      3     94    82    91
   134      1      3    229   231   201
   135      1      3    266   260   241
   136      1      3     95   107   101
   137      1      3    306   302   298
   138      1      3     14    10    12
   139      1      3    267   269   251
   140      1      3    230   202   232
   141      1      3      5     9     8
   142      1      3    295   301   294
   143      1      3    119   106   112
   144      1      3    179   201   195
   145      1      3    278   268   250
   146      1      3     72    83    81
   147      1      3    312   311   307
   148      1      3     25    21    24
   149      1      3    255   261   234
   150      1      3    235   232   192
   151      1      3     26    34    29
   152      1      3    313   314   309
   153      1      3     73    56    64
   154      1      3    236   239   209
   155      1      3    256   247   226
   156      1      3    120   132   124
   157      1      3    296   292   286
   158      1      3      6     3     4
   159      1      3    279   282   262
   160      1      3    178   161   168
   161      1      3      2     5     4
   162      1      3    291   295   285
   163      1      3    133   119   125
   164      1      3    162   179   169
   165      1      3    283   278   263
   166      1      3     55    72    62
   167      1      3    315   312   309
   168      1      3     33    25    32
   169      1      3    248   255   221
   170      1      3    240   235   208
   171      1      3     20    26    22
   172      1      3    310   313   308
   173      1      3     82    73    80
   174      1      3    231   236   195
   175      1      3    260   256   233
   176      1      3    107   120   114
   177      1      3    302   296   293
   178      1      3     10     6     7
   179      1      3    269   279   249
   180      1      3    202   178   192
   181      1      3      9    15    11
   182      1      3    301   305   297
   183      1      3    106    94   100
   184      1      3    268   266   252
   185      1      3     83    95    90
   186      1      3    311   306   304
   187      1      3     21    14    17
   188      1      3    261   267   242
   189      1      3     34    43    39
   190      1      3     56    44    52
   191      1      3    239   244   211
   192      1      3    247   243   215
   193      1      3    132   147   136
   194      1      3    292   288   281
   195      1      3    282   287   273
   196      1      3    161   146   154
   197      1      3    280   291   285
   198      1      3    280   285   270
   199      1      3    286   292   281
   200      1      3    286   281   275
   201      1      3    136   147   151
   202      1      3    136   151   148
   203      1      3      8     9    11
   204      1      3      8    11    13
   205      1      3    114   120   124
   206      1      3    114   124   121
   207      1      3     18    20    22
   208      1      3     18    22    23
   209      1      3    234   261   242
   210      1      3    234   242   200
   211      1      3     62    72    81
   212      1      3     62    81    74
   213      1      3     90    95   101
   214      1      3     90   101    99
   215      1      3     51    55    62
   216      1      3     51    62    48
   217      1      3    250   268   252
   218      1      3    250   220   204
   219      1      3    285   295   294
   220      1      3    285   290   270
   221      1      3     11    15    18
   222      1      3     11    18    23
   223      1      3    101   107   114
   224      1      3    101   121    99
   225      1      3     64    56    52
   226      1      3     64    45    63
   227      1      3     22    26    29
   228      1      3     22    29    23
   229      1      3     39    43    51
   230      1      3     39    51    48
   231      1      3    151   162   169
   232      1      3    151   169   148
   233      1      3    262   282   273
   234      1      3    262   264   238
   235      1      3    273   287   280
   236      1      3    273   280   264
   237      1      3    112   106   100
   238      1      3    112   100   113
   239      1      3      7     6     4
   240      1      3      7     4    13
   241      1      3     91    82    80
   242      1      3     91    80    96
   243      1      3     29    34    39
   244      1      3     29    39    36
   245      1      3    221   255   234
   246      1      3    221   234   200
   247      1      3     17    14    12
   248      1      3     17    12    16
   249      1      3    219   248   221
   250      1      3    219   221   189
   251      1      3    307   311   304
   252      1      3    307   304   299
   253      1      3    169   179   195
   254      1      3    169   195   181
   255      1      3    100    94    91
   256      1      3    100    96   113
   257      1      3     12    10     7
   258      1      3     12     7    16
   259      1      3    226   247   215
   260      1      3    226   215   188
   261      1      3     80    73    64
   262      1      3     80    64    75
   263      1      3    211   244   219
   264      1      3    211   219   189
   265      1      3    137   133   125
   266      1      3    137   125   135
   267      1      3      4     3     2
   268      1      3    281   288   274
   269      1      3    281   265   275
   270      1      3    294   301   297
   271      1      3    294   297   290
   272      1      3    293   296   286
   273      1      3    293   286   275
   274      1      3    303   310   308
   275      1      3    303   308   300
   276      1      3    192   232   202
   277      1      3     32    25    24
   278      1      3     32    24    30
   279      1      3    304   306   298
   280      1      3    304   298   299
   281      1      3     40    33    32
   282      1      3     40    32    45
   283      1      3     81    83    90
   284      1      3     81    99    89
   285      1      3    125   119   112
   286      1      3    125   112   113
   287      1      3    297   305   303
   288      1      3    297   303   290
   289      1      3    298   302   293
   290      1      3    298   293   284
   291      1      3    209   239   211
   292      1      3    209   211   181
   293      1      3    308   313   309
   294      1      3    308   309   300
   295      1      3     52    44    40
   296      1      3     52    40    45
   297      1      3    274   283   263
   298      1      3    274   263   265
   299      1      3    168   161   154
   300      1      3    168   154   165
   301      1      3    154   146   137
   302      1      3    154   137   165
   303      1      3    195   201   231
   304      1      3    249   279   262
   305      1      3    249   262   224
   306      1      3    241   260   233
   307      1      3    241   233   205
   308      1      3    309   314   315
   309      1      3    208   235   192
   310      1      3    208   192   180
   311      1      3    242   267   251
   312      1      3    242   218   200
   313      1      3    214   240   208
   314      1      3    214   208   180
   315      1      3     24    21    17
   316      1      3     24    17    30
   317      1      3    263   278   250
   318      1      3    263   250   225
   319      1      3    252   266   241
   320      1      3    252   241   220
   321      1      3    251   269   249
   322      1      3    251   249   218
   323      1      3    124   132   136
   324      1      3    124   136   121
   325      1      3    233   256   226
   326      1      3    233   226   188
   327      1      3    215   243   214
   328      1      3    215   214   180
   329      1      3      5     8     4
   330      1      3    312   307   309
   331      1      3    236   209   195
   332      1      3    178   168   192
   333      1      3    237   212   245
   334      1      3    237   245   265
   335      1      3    184   167   173
   336      1      3    184   173   200
   337      1      3    172   166   185
   338      1      3    172   185   205
   339      1      3     49    68    63
   340      1      3     49    63    45
   341      1      3     49    45    30
   342      1      3    259   227   257
   343      1      3    259   257   276
   344      1      3    257   223   254
   345      1      3    257   254   272
   346      1      3     41    53    37
   347      1      3     41    37    31
   348      1      3     63    76    75
   349      1      3     63    75    64
   350      1      3    185   175   204
   351      1      3    185   204   220
   352      1      3    253   222   258
   353      1      3    253   258   271
   354      1      3    246   213   238
   355      1      3    246   238   264
   356      1      3     50    57    41
   357      1      3     50    41    36
   358      1      3    225   196   237
   359      1      3    225   237   263
   360      1      3    156   152   172
   361      1      3    156   172   177
   362      1      3    204   190   225
   363      1      3    204   225   250
   364      1      3    115   109   103
   365      1      3    115   103   121
   366      1      3     89    87    74
   367      1      3     89    74    81
   368      1      3     65    69    50
   369      1      3     65    50    48
   370      1      3     48    50    36
   371      1      3     48    36    39
   372      1      3    103    98    89
   373      1      3    103    89    99
   374      1      3    103    99   121
   375      1      3    173   153   155
   376      1      3    173   155   176
   377      1      3    127   129   145
   378      1      3    127   145   142
   379      1      3    254   217   246
   380      1      3    254   246   270
   381      1      3    144   130   128
   382      1      3    144   128   143
   383      1      3    203   174   184
   384      1      3    203   184   218
   385      1      3     35    46    38
   386      1      3     35    38    28
   387      1      3     38    54    42
   388      1      3     38    42    30
   389      1      3    128   118   115
   390      1      3    128   115   121
   391      1      3     74    77    65
   392      1      3     74    65    62
   393      1      3    116   117   127
   394      1      3    116   127   126
   395      1      3     75    86    88
   396      1      3     75    88    80
   397      1      3    145   139   156
   398      1      3    145   156   158
   399      1      3    238   197   224
   400      1      3    238   224   262
   401      1      3     37    47    35
   402      1      3     37    35    27
   403      1      3     42    58    49
   404      1      3     42    49    30
   405      1      3    102   108   116
   406      1      3    102   116   113
   407      1      3    224   191   203
   408      1      3    224   203   249
   409      1      3    155   138   144
   410      1      3    155   144   157
   411      1      3     88    97   102
   412      1      3     88   102    96
   413      1      3    245   216   253
   414      1      3    245   253   275
   415      1      3    258   228   259
   416      1      3    258   259   277
   417      1      3     45    64    52
   418      1      3     65    48    62
   419      1      3     99    81    90
   420      1      3    298   284   299
   421      1      3    188   215   180
   422      1      3    303   300   290
   423      1      3    180   192   165
   424      1      3    180   165   159
   425      1      3    137   135   165
   426      1      3    284   293   275
   427      1      3    168   165   192
   428      1      3     13    11    23
   429      1      3    189   221   200
   430      1      3    209   181   195
   431      1      3    136   148   121
   432      1      3    307   299   309
   433      1      3    181   211   189
   434      1      3    205   233   188
   435      1      3    114   121   101
   436      1      3     17    16    30
   437      1      3    294   290   285
   438      1      3    300   309   299
   439      1      3    300   299   289
   440      1      3      8    13     4
   441      1      3    135   125   113
   442      1      3     45    32    30
   443      1      3    159   165   135
   444      1      3    180   159   188
   445      1      3    289   299   284
   446      1      3    300   289   290
   447      1      3    265   245   275
   448      1      3    265   281   274
   449      1      3    265   263   237
   450      1      3    177   172   205
   451      1      3     37    27    31
   452      1      3     31    27    23
   453      1      3     31    23    29
   454      1      3    220   250   252
   455      1      3    220   241   205
   456      1      3    220   205   185
   457      1      3    203   218   249
   458      1      3    251   218   242
   459      1      3    200   218   184
   460      1      3    272   254   270
   461      1      3    127   142   126
   462      1      3    126   142   135
   463      1      3    126   135   113
   464      1      3     88    96    80
   465      1      3     91    96   100
   466      1      3    113    96   102
   467      1      3    264   262   273
   468      1      3    264   280   270
   469      1      3    264   270   246
   470      1      3    116   126   113
   471      1      3    276   257   272
   472      1      3    276   272   290
   473      1      3    290   272   270
   474      1      3    173   176   200
   475      1      3    155   157   176
   476      1      3    176   157   189
   477      1      3    176   189   200
   478      1      3    271   258   277
   479      1      3    271   277   284
   480      1      3    271   284   275
   481      1      3     35    28    27
   482      1      3     27    28    19
   483      1      3    144   143   157
   484      1      3    157   143   160
   485      1      3     36    41    31
   486      1      3     36    31    29
   487      1      3    145   158   142
   488      1      3    142   158   159
   489      1      3    159   158   188
   490      1      3    142   159   135
   491      1      3    156   177   158
   492      1      3    158   177   188
   493      1      3    188   177   205
   494      1      3     28    38    30
   495      1      3    143   128   121
   496      1      3    277   259   276
   497      1      3    277   276   289
   498      1      3    289   276   290
   499      1      3    277   289   284
   500      1      3    253   271   275
   501      1      3     19    28    16
   502      1      3     19    16    13
   503      1      3     19    13    23
   504      1      3     27    19    23
   505      1      3    160   143   148
   506      1      3    160   148   181
   507      1      3    160   181   189
   508      1      3    157   160   189
   509      1      3     16    28    30
   510      1      3    148   143   121
   511      1      3     13    16     7
   512      1      3    181   148   169
   513      0      2    182   186
   514      0      2    186   193
   515      0      2    193   198
   516      0      2    198   206
   517      0      2    206   210
   518      0      2    210   207
   519      0      2    207   199
   520      0      2    199   194
   521      0      2    194   187
   522      0      2    187   183
   523      0      2    183   171
   524      0      2    171   164
   525      0      2    164   150
   526      0      2    150   141
   527      0      2    141   134
   528      0      2    134   123
   529      0      2    123   111
   530      0      2    111   105
   531      0      2    105    93
   532      0      2     93    85
   533      0      2     85    79
   534      0      2     79    71
   535      0      2     71    67
   536      0      2     67    61
   537      0      2     61    59
   538      0      2     59    60
   539      0      2     60    66
   540      0      2     66    70
   541      0      2     70    78
   542      0      2     78    84
   543      0      2     84    92
   544      0      2     92   104
   545      0      2    104   110
   546      0      2    110   122
   547      0      2    122   131
   548      0      2    131   140
   549      0      2    140   149
   550      0      2    149   163
   551      0      2    163   170
   552      0      2    170   182
MATERIAU      1 
     1 0.92
CONVECTION     40
   Conv-trou    513        12.50000       -40.00000
   Conv-trou    514        12.50000       -40.00000
   Conv-trou    515        12.50000       -40.00000
   Conv-trou    516        12.50000       -40.00000
   Conv-trou    517        12.50000       -40.00000
   Conv-trou    518        12.50000       -40.00000
   Conv-trou    519        12.50000       -40.00000
   Conv-trou    520        12.50000       -40.00000
   Conv-trou    521        12.50000       -40.00000
   Conv-trou    522        12.50000       -40.00000
   Conv-trou    523        12.50000       -40.00000
   Conv-trou    524        12.50000       -40.00000
   Conv-trou    525        12.50000       -40.00000
   Conv-trou    526        12.50000       -40.00000
   Conv-trou    527        12.50000       -40.00000
   Conv-trou    528        12.50000       -40.00000
   Conv-trou    529        12.50000       -40.00000
   Conv-trou    530        12.50000       -40.00000
   Conv-trou    531        12.50000       -40.00000
   Conv-trou    532        12.50000       -40.00000
   Conv-trou    533        12.50000       -40.00000
   Conv-trou    534        12.50000       -40.00000
   Conv-trou    535        12.50000       -40.00000
   Conv-trou    536        12.50000       -40.00000
   Conv-trou    537        12.50000       -40.00000
   Conv-trou    538        12.50000       -40.00000
   Conv-trou    539        12.50000       -40.00000
   Conv-trou    540        12.50000       -40.00000
   Conv-trou    541        12.50000       -40.00000
   Conv-trou    542        12.50000       -40.00000
   Conv-trou    543        12.50000       -40.00000
   Conv-trou    544        12.50000       -40.00000
   Conv-trou    545        12.50000       -40.00000
   Conv-trou    546        12.50000       -40.00000
   Conv-trou    547        12.50000       -40.00000
   Conv-trou    548        12.50000       -40.00000
   Conv-trou    549        12.50000       -40.00000
   Conv-trou    550        12.50000       -40.00000
   Conv-trou    551        12.50000       -40.00000
   Conv-trou    552        12.50000       -40.00000
SOURCE/PUIT    512
   Q      1 10*X*Y
   Q      2 10*X*Y
   Q      3 10*X*Y
   Q      4 10*X*Y
   Q      5 10*X*Y
   Q      6 10*X*Y
   Q      7 10*X*Y
   Q      8 10*X*Y
   Q      9 10*X*Y
   Q     10 10*X*Y
   Q     11 10*X*Y
   Q     12 10*X*Y
   Q     13 10*X*Y
   Q     14 10*X*Y
   Q     15 10*X*Y
   Q     16 10*X*Y
   Q     17 10*X*Y
   Q     18 10*X*Y
   Q     19 10*X*Y
   Q     20 10*X*Y
   Q     21 10*X*Y
   Q     22 10*X*Y
   Q     23 10*X*Y
   Q     24 10*X*Y
   Q     25 10*X*Y
   Q     26 10*X*Y
   Q     27 10*X*Y
   Q     28 10*X*Y
   Q     29 10*X*Y
   Q     30 10*X*Y
   Q     31 10*X*Y
   Q     32 10*X*Y
   Q     33 10*X*Y
   Q     34 10*X*Y
   Q     35 10*X*Y
   Q     36 10*X*Y
   Q     37 10*X*Y
   Q     38 10*X*Y
   Q     39 10*X*Y
   Q     40 10*X*Y
   Q     41 10*X*Y
   Q     42 10*X*Y
   Q     43 10*X*Y
   Q     44 10*X*Y
   Q     45 10*X*Y
   Q     46 10*X*Y
   Q     47 10*X*Y
   Q     48 10*X*Y
   Q     49 10*X*Y
   Q     50 10*X*Y
   Q     51 10*X*Y
   Q     52 10*X*Y
   Q     53 10*X*Y
   Q     54 10*X*Y
   Q     55 10*X*Y
   Q     56 10*X*Y
   Q     57 10*X*Y
   Q     58 10*X*Y
   Q     59 10*X*Y
   Q     60 10*X*Y
   Q     61 10*X*Y
   Q     62 10*X*Y
   Q     63 10*X*Y
   Q     64 10*X*Y
   Q     65 10*X*Y
   Q     66 10*X*Y
   Q     67 10*X*Y
   Q     68 10*X*Y
   Q     69 10*X*Y
   Q     70 10*X*Y
   Q     71 10*X*Y
   Q     72 10*X*Y
   Q     73 10*X*Y
   Q     74 10*X*Y
   Q     75 10*X*Y
   Q     76 10*X*Y
   Q     77 10*X*Y
   Q     78 10*X*Y
   Q     79 10*X*Y
   Q     80 10*X*Y
   Q     81 10*X*Y
   Q     82 10*X*Y
   Q     83 10*X*Y
   Q     84 10*X*Y
   Q     85 10*X*Y
   Q     86 10*X*Y
   Q     87 10*X*Y
   Q     88 10*X*Y
   Q     89 10*X*Y
   Q     90 10*X*Y
   Q     91 10*X*Y
   Q     92 10*X*Y
   Q     93 10*X*Y
   Q     94 10*X*Y
   Q     95 10*X*Y
   Q     96 10*X*Y
   Q     97 10*X*Y
   Q     98 10*X*Y
   Q     99 10*X*Y
   Q    100 10*X*Y
   Q    101 10*X*Y
   Q    102 10*X*Y
   Q    103 10*X*Y
   Q    104 10*X*Y
   Q    105 10*X*Y
   Q    106 10*X*Y
   Q    107 10*X*Y
   Q    108 10*X*Y
   Q    109 10*X*Y
   Q    110 10*X*Y
   Q    111 10*X*Y
   Q    112 10*X*Y
   Q    113 10*X*Y
   Q    114 10*X*Y
   Q    115 10*X*Y
   Q    116 10*X*Y
   Q    117 10*X*Y
   Q    118 10*X*Y
   Q    119 10*X*Y
   Q    120 10*X*Y
   Q    121 10*X*Y
   Q    122 10*X*Y
   Q    123 10*X*Y
   Q    124 10*X*Y
   Q    125 10*X*Y
   Q    126 10*X*Y
   Q    127 10*X*Y
   Q    128 10*X*Y
   Q    129 10*X*Y
   Q    130 10*X*Y
   Q    131 10*X*Y
   Q    132 10*X*Y
   Q    133 10*X*Y
   Q    134 10*X*Y
   Q    135 10*X*Y
   Q    136 10*X*Y
   Q    137 10*X*Y
   Q    138 10*X*Y
   Q    139 10*X*Y
   Q    140 10*X*Y
   Q    141 10*X*Y
   Q    142 10*X*Y
   Q    143 10*X*Y
   Q    144 10*X*Y
   Q    145 10*X*Y
   Q    146 10*X*Y
   Q    147 10*X*Y
   Q    148 10*X*Y
   Q    149 10*X*Y
   Q    150 10*X*Y
   Q    151 10*X*Y
   Q    152 10*X*Y
   Q    153 10*X*Y
   Q    154 10*X*Y
   Q    155 10*X*Y
   Q    156 10*X*Y
   Q    157 10*X*Y
   Q    158 10*X*Y
   Q    159 10*X*Y
   Q    160 10*X*Y
   Q    161 10*X*Y
   Q    162 10*X*Y
   Q    163 10*X*Y
   Q    164 10*X*Y
   Q    165 10*X*Y
   Q    166 10*X*Y
   Q    167 10*X*Y
   Q    168 10*X*Y
   Q    169 10*X*Y
   Q    170 10*X*Y
   Q    171 10*X*Y
   Q    172 10*X*Y
   Q    173 10*X*Y
   Q    174 10*X*Y
   Q    175 10*X*Y
   Q    176 10*X*Y
   Q    177 10*X*Y
   Q    178 10*X*Y
   Q    179 10*X*Y
   Q    180 10*X*Y
   Q    181 10*X*Y
   Q    182 10*X*Y
   Q    183 10*X*Y
   Q    184 10*X*Y
   Q    185 10*X*Y
   Q    186 10*X*Y
   Q    187 10*X*Y
   Q    188 10*X*Y
   Q    189 10*X*Y
   Q    190 10*X*Y
   Q    191 10*X*Y
   Q    192 10*X*Y
   Q    193 10*X*Y
   Q    194 10*X*Y
   Q    195 10*X*Y
   Q    196 10*X*Y
   Q    197 10*X*Y
   Q    198 10*X*Y
   Q    199 10*X*Y
   Q    200 10*X*Y
   Q    201 10*X*Y
   Q    202 10*X*Y
   Q    203 10*X*Y
   Q    204 10*X*Y
   Q    205 10*X*Y
   Q    206 10*X*Y
   Q    207 10*X*Y
   Q    208 10*X*Y
   Q    209 10*X*Y
   Q    210 10*X*Y
   Q    211 10*X*Y
   Q    212 10*X*Y
   Q    213 10*X*Y
   Q    214 10*X*Y
   Q    215 10*X*Y
   Q    216 10*X*Y
   Q    217 10*X*Y
   Q    218 10*X*Y
   Q    219 10*X*Y
   Q    220 10*X*Y
   Q    221 10*X*Y
   Q    222 10*X*Y
   Q    223 10*X*Y
   Q    224 10*X*Y
   Q    225 10*X*Y
   Q    226 10*X*Y
   Q    227 10*X*Y
   Q    228 10*X*Y
   Q    229 10*X*Y
   Q    230 10*X*Y
   Q    231 10*X*Y
   Q    232 10*X*Y
   Q    233 10*X*Y
   Q    234 10*X*Y
   Q    235 10*X*Y
   Q    236 10*X*Y
   Q    237 10*X*Y
   Q    238 10*X*Y
   Q    239 10*X*Y
   Q    240 10*X*Y
   Q    241 10*X*Y
   Q    242 10*X*Y
   Q    243 10*X*Y
   Q    244 10*X*Y
   Q    245 10*X*Y
   Q    246 10*X*Y
   Q    247 10*X*Y
   Q    248 10*X*Y
   Q    249 10*X*Y
   Q    250 10*X*Y
   Q    251 10*X*Y
   Q    252 10*X*Y
   Q    253 10*X*Y
   Q    254 10*X*Y
   Q    255 10*X*Y
   Q    256 10*X*Y
   Q    257 10*X*Y
   Q    258 10*X*Y
   Q    259 10*X*Y
   Q    260 10*X*Y
   Q    261 10*X*Y
   Q    262 10*X*Y
   Q    263 10*X*Y
   Q    264 10*X*Y
   Q    265 10*X*Y
   Q    266 10*X*Y
   Q    267 10*X*Y
   Q    268 10*X*Y
   Q    269 10*X*Y
   Q    270 10*X*Y
   Q    271 10*X*Y
   Q    272 10*X*Y
   Q    273 10*X*Y
   Q    274 10*X*Y
   Q    275 10*X*Y
   Q    276 10*X*Y
   Q    277 10*X*Y
   Q    278 10*X*Y
   Q    279 10*X*Y
   Q    280 10*X*Y
   Q    281 10*X*Y
   Q    282 10*X*Y
   Q    283 10*X*Y
   Q    284 10*X*Y
   Q    285 10*X*Y
   Q    286 10*X*Y
   Q    287 10*X*Y
   Q    288 10*X*Y
   Q    289 10*X*Y
   Q    290 10*X*Y
   Q    291 10*X*Y
   Q    292 10*X*Y
   Q    293 10*X*Y
   Q    294 10*X*Y
   Q    295 10*X*Y
   Q    296 10*X*Y
   Q    297 10*X*Y
   Q    298 10*X*Y
   Q    299 10*X*Y
   Q    300 10*X*Y
   Q    301 10*X*Y
   Q    302 10*X*Y
   Q    303 10*X*Y
   Q    304 10*X*Y
   Q    305 10*X*Y
   Q    306 10*X*Y
   Q    307 10*X*Y
   Q    308 10*X*Y
   Q    309 10*X*Y
   Q    310 10*X*Y
   Q    311 10*X*Y
   Q    312 10*X*Y
   Q    313 10*X*Y
   Q    314 10*X*Y
   Q    315 10*X*Y
   Q    316 10*X*Y
   Q    317 10*X*Y
   Q    318 10*X*Y
   Q    319 10*X*Y
   Q    320 10*X*Y
   Q    321 10*X*Y
   Q    322 10*X*Y
   Q    323 10*X*Y
   Q    324 10*X*Y
   Q    325 10*X*Y
   Q    326 10*X*Y
   Q    327 10*X*Y
   Q    328 10*X*Y
   Q    329 10*X*Y
   Q    330 10*X*Y
   Q    331 10*X*Y
   Q    332 10*X*Y
   Q    333 10*X*Y
   Q    334 10*X*Y
   Q    335 10*X*Y
   Q    336 10*X*Y
   Q    337 10*X*Y
   Q    338 10*X*Y
   Q    339 10*X*Y
   Q    340 10*X*Y
   Q    341 10*X*Y
   Q    342 10*X*Y
   Q    343 10*X*Y
   Q    344 10*X*Y
   Q    345 10*X*Y
   Q    346 10*X*Y
   Q    347 10*X*Y
   Q    348 10*X*Y
   Q    349 10*X*Y
   Q    350 10*X*Y
   Q    351 10*X*Y
   Q    352 10*X*Y
   Q    353 10*X*Y
   Q    354 10*X*Y
   Q    355 10*X*Y
   Q    356 10*X*Y
   Q    357 10*X*Y
   Q    358 10*X*Y
   Q    359 10*X*Y
   Q    360 10*X*Y
   Q    361 10*X*Y
   Q    362 10*X*Y
   Q    363 10*X*Y
   Q    364 10*X*Y
   Q    365 10*X*Y
   Q    366 10*X*Y
   Q    367 10*X*Y
   Q    368 10*X*Y
   Q    369 10*X*Y
   Q    370 10*X*Y
   Q    371 10*X*Y
   Q    372 10*X*Y
   Q    373 10*X*Y
   Q    374 10*X*Y
   Q    375 10*X*Y
   Q    376 10*X*Y
   Q    377 10*X*Y
   Q    378 10*X*Y
   Q    379 10*X*Y
   Q    380 10*X*Y
   Q    381 10*X*Y
   Q    382 10*X*Y
   Q    383 10*X*Y
   Q    384 10*X*Y
   Q    385 10*X*Y
   Q    386 10*X*Y
   Q    387 10*X*Y
   Q    388 10*X*Y
   Q    389 10*X*Y
   Q    390 10*X*Y
   Q    391 10*X*Y
   Q    392 10*X*Y
   Q    393 10*X*Y
   Q    394 10*X*Y
   Q    395 10*X*Y
   Q    396 10*X*Y
   Q    397 10*X*Y
   Q    398 10*X*Y
   Q    399 10*X*Y
   Q    400 10*X*Y
   Q    401 10*X*Y
   Q    402 10*X*Y
   Q    403 10*X*Y
   Q    404 10*X*Y
   Q    405 10*X*Y
   Q    406 10*X*Y
   Q    407 10*X*Y
   Q    408 10*X*Y
   Q    409 10*X*Y
   Q    410 10*X*Y
   Q    411 10*X*Y
   Q    412 10*X*Y
   Q    413 10*X*Y
   Q    414 10*X*Y
   Q    415 10*X*Y
   Q    416 10*X*Y
   Q    417 10*X*Y
   Q    418 10*X*Y
   Q    419 10*X*Y
   Q    420 10*X*Y
   Q    421 10*X*Y
   Q    422 10*X*Y
   Q    423 10*X*Y
   Q    424 10*X*Y
   Q    425 10*X*Y
   Q    426 10*X*Y
   Q    427 10*X*Y
   Q    428 10*X*Y
   Q    429 10*X*Y
   Q    430 10*X*Y
   Q    431 10*X*Y
   Q    432 10*X*Y
   Q    433 10*X*Y
   Q    434 10*X*Y
   Q    435 10*X*Y
   Q    436 10*X*Y
   Q    437 10*X*Y
   Q    438 10*X*Y
   Q    439 10*X*Y
   Q    440 10*X*Y
   Q    441 10*X*Y
   Q    442 10*X*Y
   Q    443 10*X*Y
   Q    444 10*X*Y
   Q    445 10*X*Y
   Q    446 10*X*Y
   Q    447 10*X*Y
   Q    448 10*X*Y
   Q    449 10*X*Y
   Q    450 10*X*Y
   Q    451 10*X*Y
   Q    452 10*X*Y
   Q    453 10*X*Y
   Q    454 10*X*Y
   Q    455 10*X*Y
   Q    456 10*X*Y
   Q    457 10*X*Y
   Q    458 10*X*Y
   Q    459 10*X*Y
   Q    460 10*X*Y
   Q    461 10*X*Y
   Q    462 10*X*Y
   Q    463 10*X*Y
   Q    464 10*X*Y
   Q    465 10*X*Y
   Q    466 10*X*Y
   Q    467 10*X*Y
   Q    468 10*X*Y
   Q    469 10*X*Y
   Q    470 10*X*Y
   Q    471 10*X*Y
   Q    472 10*X*Y
   Q    473 10*X*Y
   Q    474 10*X*Y
   Q    475 10*X*Y
   Q    476 10*X*Y
   Q    477 10*X*Y
   Q    478 10*X*Y
   Q    479 10*X*Y
   Q    480 10*X*Y
   Q    481 10*X*Y
   Q    482 10*X*Y
   Q    483 10*X*Y
   Q    484 10*X*Y
   Q    485 10*X*Y
   Q    486 10*X*Y
   Q    487 10*X*Y
   Q    488 10*X*Y
   Q    489 10*X*Y
   Q    490 10*X*Y
   Q    491 10*X*Y
   Q    492 10*X*Y
   Q    493 10*X*Y
   Q    494 10*X*Y
   Q    495 10*X*Y
   Q    496 10*X*Y
   Q    497 10*X*Y
   Q    498 10*X*Y
   Q    499 10*X*Y
   Q    500 10*X*Y
   Q    501 10*X*Y
   Q    502 10*X*Y
   Q    503 10*X*Y
   Q    504 10*X*Y
   Q    505 10*X*Y
   Q    506 10*X*Y
   Q    507 10*X*Y
   Q    508 10*X*Y
   Q    509 10*X*Y
   Q    510 10*X*Y
   Q    511 10*X*Y
   Q    512 10*X*Y
CLE     41
  T-gauche      1        20.00000
  T-bas      2        20.00000
  T-gauche      3        20.00000
  T-bas      5        20.00000
  T-gauche      6        20.00000
  T-bas      9        20.00000
  T-gauche     10        20.00000
  T-gauche     14        20.00000
  T-bas     15        20.00000
  T-bas     20        20.00000
  T-gauche     21        20.00000
  T-gauche     25        20.00000
  T-bas     26        20.00000
  T-gauche     33        20.00000
  T-bas     34        20.00000
  T-bas     43        20.00000
  T-gauche     44        20.00000
  T-bas     55        20.00000
  T-gauche     56        20.00000
  T-bas     72        20.00000
  T-gauche     73        20.00000
  T-gauche     82        20.00000
  T-bas     83        20.00000
  T-gauche     94        20.00000
  T-bas     95        20.00000
  T-gauche    106        20.00000
  T-bas    107        20.00000
  T-gauche    119        20.00000
  T-bas    120        20.00000
  T-bas    132        20.00000
  T-gauche    133        20.00000
  T-gauche    146        20.00000
  T-bas    147        20.00000
  T-gauche    161        20.00000
  T-bas    162        20.00000
  T-gauche    178        20.00000
  T-bas    179        20.00000
  T-bas    201        20.00000
  T-gauche    202        20.00000
  T-bas    229        20.00000
  T-gauche    230        20.00000

